iter	step	elapsed_s	train_reward	train_length	eval_reward	eval_length	consistency_loss	grad_norm	pi_loss	reward_loss	total_loss	value_loss	weighted_loss	z_std
0	0	0.2	26.29	500	nan	nan	nan	nan	nan	nan	nan	nan	nan	nan
1	500	0.3	0.00	500	nan	nan	nan	nan	nan	nan	nan	nan	nan	nan
2	1000	0.4	0.00	500	nan	nan	nan	nan	nan	nan	nan	nan	nan	nan
3	1500	0.5	0.00	500	nan	nan	nan	nan	nan	nan	nan	nan	nan	nan
4	2000	0.7	0.00	500	nan	nan	nan	nan	nan	nan	nan	nan	nan	nan
5	2500	0.8	0.00	500	nan	nan	nan	nan	nan	nan	nan	nan	nan	nan
6	3000	0.9	0.00	500	nan	nan	nan	nan	nan	nan	nan	nan	nan	nan
7	3500	1.0	0.00	500	nan	nan	nan	nan	nan	nan	nan	nan	nan	nan
8	4000	1.1	0.00	500	nan	nan	nan	nan	nan	nan	nan	nan	nan	nan
9	4500	1.2	0.00	500	nan	nan	nan	nan	nan	nan	nan	nan	nan	nan
10	5000	158.4	0.00	500	302.13	500.0	0.0272	5.1166	-5.1394	0.1498	0.2312	1.0197	0.0972	0.4302
11	5500	176.1	804.65	500	302.13	500.0	0.0134	14.3410	-27.8486	0.8790	1.2243	7.5804	0.4590	0.5303
12	6000	193.9	12.19	500	302.13	500.0	0.0167	6.8082	-40.0646	0.3186	0.8292	6.3648	0.3817	0.5960
13	6500	211.6	892.64	500	302.13	500.0	0.0250	7.0999	-73.0356	0.3622	1.1024	8.7125	0.4972	0.6293
14	7000	229.4	584.89	500	302.13	500.0	0.0229	12.7915	-88.4810	0.7683	1.3487	9.1880	0.7770	0.6367
15	7500	272.8	908.20	500	876.37	500.0	0.0214	6.3955	-118.3893	0.6390	1.2526	8.9044	0.6289	0.5855
16	8000	290.6	937.51	500	876.37	500.0	0.0200	3.2113	-138.9163	0.3745	0.7778	5.5055	0.4378	0.6187
17	8500	308.3	954.08	500	876.37	500.0	0.0216	15.4065	-147.0495	0.1735	1.2103	10.8027	0.7104	0.6496
18	9000	326.1	927.67	500	876.37	500.0	0.0171	2.7495	-172.8854	0.2251	0.6989	5.5213	0.4036	0.5945
19	9500	343.9	844.74	500	876.37	500.0	0.0202	20.7077	-176.4556	0.3689	1.2733	10.4843	0.7525	0.6130
20	10000	387.3	882.74	500	670.47	500.0	0.0137	7.2470	-202.2106	0.1292	0.7815	6.8958	0.4543	0.5637
21	10500	405.0	641.76	500	670.47	500.0	0.0159	15.9956	-218.2250	0.1029	1.2805	11.9715	0.7013	0.5461
22	11000	422.8	915.90	500	670.47	500.0	0.0126	6.4136	-230.9367	0.1377	0.7296	6.3556	0.3967	0.5620
23	11500	440.5	872.54	500	670.47	500.0	0.0119	4.3251	-236.7796	0.1454	0.7730	6.7647	0.4089	0.5663
24	12000	458.3	955.28	500	670.47	500.0	0.0125	7.3595	-246.0903	0.1020	0.7909	7.1493	0.4303	0.5511
25	12500	501.7	848.32	500	563.43	500.0	0.0121	4.4220	-266.5905	0.1394	0.8234	7.2948	0.3969	0.5078
26	13000	519.6	604.60	500	563.43	500.0	0.0119	2.5136	-264.6606	0.1288	0.7868	6.9858	0.4136	0.5173
27	13500	537.3	843.96	500	563.43	500.0	0.0119	8.6335	-273.7975	0.1149	0.9676	8.8632	0.5573	0.5105
28	14000	555.1	940.67	500	563.43	500.0	0.0110	4.1558	-279.0172	0.0825	0.7655	7.0230	0.4144	0.5254
29	14500	572.9	901.77	500	563.43	500.0	0.0109	6.1099	-283.6948	0.1132	0.8774	7.9891	0.4372	0.5084
30	15000	616.4	945.12	500	882.95	500.0	0.0126	7.5733	-293.4731	0.1575	0.9909	8.8697	0.4898	0.4851
31	15500	634.1	913.78	500	882.95	500.0	0.0107	4.7476	-304.1343	0.0693	0.8657	8.0957	0.4523	0.4587
32	16000	651.9	901.48	500	882.95	500.0	0.0114	4.5443	-309.8485	0.0743	0.8763	8.1623	0.4248	0.4463
33	16500	669.7	826.51	500	882.95	500.0	0.0102	3.5258	-311.7337	0.0803	0.8225	7.6197	0.4135	0.4797
34	17000	687.5	839.72	500	882.95	500.0	0.0102	4.3704	-325.0272	0.0847	0.9533	8.9053	0.5096	0.4477
35	17500	731.0	861.34	500	896.74	500.0	0.0100	2.1628	-331.7936	0.0624	0.8333	7.8203	0.3584	0.4280
36	18000	748.7	860.45	500	896.74	500.0	0.0109	6.4034	-325.3964	0.0592	1.1760	11.2458	0.5887	0.4711
37	18500	766.5	896.99	500	896.74	500.0	0.0111	11.6604	-337.8346	0.1834	1.2529	11.3908	0.6752	0.4364
38	19000	784.3	839.99	500	896.74	500.0	0.0099	6.1929	-348.4371	0.1048	0.9873	9.1509	0.5022	0.4417
39	19500	802.1	878.55	500	896.74	500.0	0.0108	3.9824	-346.4298	0.1077	1.0341	9.5864	0.5373	0.4489
40	20000	845.6	836.37	500	906.84	500.0	0.0103	2.7088	-357.3876	0.0666	0.9279	8.7393	0.4801	0.4334
41	20500	863.4	910.57	500	906.84	500.0	0.0096	3.4140	-366.3085	0.0789	0.9030	8.4426	0.4436	0.4146
42	21000	881.2	843.42	500	906.84	500.0	0.0099	3.1051	-367.5982	0.0455	1.0171	9.7457	0.4751	0.4229
43	21500	899.0	890.74	500	906.84	500.0	0.0100	4.4455	-375.8642	0.0518	1.0239	9.7806	0.5130	0.3979
44	22000	916.8	869.97	500	906.84	500.0	0.0095	4.4225	-389.6165	0.0665	0.9221	8.6983	0.4663	0.3686
45	22500	960.2	858.67	500	890.64	500.0	0.0092	3.4369	-385.1482	0.0559	0.8977	8.5134	0.4210	0.4029
46	23000	978.0	860.82	500	890.64	500.0	0.0095	1.9386	-383.9003	0.0881	0.9945	9.3141	0.4709	0.3978
47	23500	995.8	897.59	500	890.64	500.0	0.0092	3.6319	-390.4024	0.0427	0.9312	8.9152	0.4774	0.3973
48	24000	1013.6	911.84	500	890.64	500.0	0.0093	4.0792	-399.2253	0.0846	0.8434	7.8249	0.4416	0.3655
49	24500	1031.4	923.66	500	890.64	500.0	0.0090	2.9040	-405.4740	0.0675	0.8617	8.0997	0.4352	0.3650
50	25000	1074.8	841.88	500	846.86	500.0	0.0092	4.4105	-404.9514	0.0490	0.9656	9.2278	0.5066	0.3851
51	25500	1092.6	844.13	500	846.86	500.0	0.0093	5.5013	-407.9575	0.0614	0.9275	8.7821	0.4924	0.3573
52	26000	1110.4	901.64	500	846.86	500.0	0.0093	3.2026	-404.4338	0.0562	0.9545	9.0785	0.4925	0.3707
53	26500	1128.2	853.17	500	846.86	500.0	0.0097	3.0360	-410.8063	0.0563	0.9697	9.2227	0.4593	0.3611
54	27000	1146.0	861.70	500	846.86	500.0	0.0094	3.3979	-410.1718	0.0488	0.8588	8.1553	0.3921	0.3744
55	27500	1189.5	849.53	500	871.06	500.0	0.0084	6.3102	-421.0759	0.0686	0.9960	9.4495	0.4709	0.3503
56	28000	1207.2	890.53	500	871.06	500.0	0.0093	4.3494	-414.7542	0.0572	1.0323	9.8511	0.5105	0.3591
57	28500	1225.0	857.62	500	871.06	500.0	0.0081	4.1980	-423.3352	0.0316	0.8585	8.2655	0.4658	0.3555
58	29000	1242.9	918.79	500	871.06	500.0	0.0083	4.8345	-424.3044	0.0794	0.8523	7.9601	0.4348	0.3482
59	29500	1260.7	839.56	500	871.06	500.0	0.0080	2.5026	-427.3031	0.0426	0.9543	9.1698	0.4298	0.3376
60	30000	1304.1	882.90	500	876.43	500.0	0.0079	2.2466	-427.3881	0.0613	0.8189	7.7247	0.4010	0.3318
