iter	step	elapsed_s	train_reward	train_length	eval_reward	eval_length	consistency_loss	grad_norm	pi_loss	reward_loss	total_loss	value_loss	weighted_loss	z_std
0	0	0.2	684.25	500	nan	nan	nan	nan	nan	nan	nan	nan	nan	nan
1	500	0.3	0.00	500	nan	nan	nan	nan	nan	nan	nan	nan	nan	nan
2	1000	0.4	0.00	500	nan	nan	nan	nan	nan	nan	nan	nan	nan	nan
3	1500	0.5	0.00	500	nan	nan	nan	nan	nan	nan	nan	nan	nan	nan
4	2000	0.7	0.00	500	nan	nan	nan	nan	nan	nan	nan	nan	nan	nan
5	2500	0.8	0.00	500	nan	nan	nan	nan	nan	nan	nan	nan	nan	nan
6	3000	0.9	0.00	500	nan	nan	nan	nan	nan	nan	nan	nan	nan	nan
7	3500	1.0	0.00	500	nan	nan	nan	nan	nan	nan	nan	nan	nan	nan
8	4000	1.1	0.00	500	nan	nan	nan	nan	nan	nan	nan	nan	nan	nan
9	4500	1.2	0.00	500	nan	nan	nan	nan	nan	nan	nan	nan	nan	nan
10	5000	152.9	0.00	500	887.58	500.0	0.0052	2.3572	-53.8711	0.2955	0.2665	1.0831	0.1326	0.3501
11	5500	170.1	877.52	500	887.58	500.0	0.0057	5.1620	-74.6218	0.3268	0.4092	2.3448	0.2377	0.3415
12	6000	187.3	899.13	500	887.58	500.0	0.0065	2.8428	-81.5369	0.1702	0.2496	1.5141	0.1314	0.3487
13	6500	204.5	907.63	500	887.58	500.0	0.0084	4.6311	-112.1746	0.2560	0.3799	2.3511	0.2035	0.2995
14	7000	221.7	822.09	500	887.58	500.0	0.0131	13.5409	-123.3856	0.3123	0.7751	5.9270	0.4229	0.2649
15	7500	264.5	883.36	500	30.58	500.0	0.0075	7.2656	-152.7910	0.4142	0.4739	2.5184	0.2737	0.2676
16	8000	281.7	44.28	500	30.58	500.0	0.0071	3.9013	-167.9356	0.3000	0.3788	2.1467	0.2212	0.2622
17	8500	298.9	38.85	500	30.58	500.0	0.0068	3.5087	-184.1232	0.5214	0.5002	2.2581	0.2764	0.2554
18	9000	316.1	959.46	500	30.58	500.0	0.0075	4.7152	-183.0376	0.3539	0.4279	2.3592	0.2413	0.2743
19	9500	333.3	747.81	500	30.58	500.0	0.0066	3.6029	-192.2834	0.3757	0.4270	2.2599	0.2423	0.2687
20	10000	376.1	850.36	500	913.21	500.0	0.0077	4.5065	-200.0262	0.3475	0.4776	2.8838	0.2635	0.2669
21	10500	393.2	859.56	500	913.21	500.0	0.0064	3.0037	-213.0089	0.1735	0.2897	1.9012	0.1735	0.2723
22	11000	410.4	934.57	500	913.21	500.0	0.0061	12.6486	-215.2006	0.2648	0.7384	5.9377	0.4049	0.2652
23	11500	427.7	871.20	500	913.21	500.0	0.0054	5.0607	-224.9058	0.1687	0.3143	2.1906	0.1705	0.2791
24	12000	444.9	951.94	500	913.21	500.0	0.0053	2.9167	-233.6776	0.1372	0.2870	2.0777	0.1615	0.2727
25	12500	487.6	785.27	500	892.06	500.0	0.0054	4.7464	-232.3434	0.1137	0.3455	2.7786	0.1701	0.2865
26	13000	504.8	907.91	500	892.06	500.0	0.0056	3.0273	-239.9088	0.2797	0.3719	2.2087	0.1976	0.2765
27	13500	522.0	673.38	500	892.06	500.0	0.0048	2.6485	-252.7028	0.2104	0.3811	2.6622	0.1999	0.2685
28	14000	539.2	799.52	500	892.06	500.0	0.0048	4.6839	-254.7859	0.2941	0.3823	2.2558	0.2002	0.2763
29	14500	556.5	889.55	500	892.06	500.0	0.0051	3.0363	-256.2757	0.2073	0.3374	2.2362	0.1863	0.2855
30	15000	599.2	952.50	500	890.85	500.0	0.0061	6.8524	-257.1660	0.1591	0.4495	3.5765	0.2127	0.2907
31	15500	616.4	915.22	500	890.85	500.0	0.0044	3.3987	-274.5993	0.1616	0.3077	2.1810	0.1638	0.2631
32	16000	633.6	911.05	500	890.85	500.0	0.0045	2.0569	-278.3776	0.1306	0.2628	1.8842	0.1395	0.2704
33	16500	650.8	836.71	500	890.85	500.0	0.0043	2.5265	-286.6962	0.1636	0.3052	2.1483	0.1554	0.2600
34	17000	668.0	856.03	500	890.85	500.0	0.0047	1.9070	-285.7446	0.0968	0.2741	2.1631	0.1405	0.2733
35	17500	710.8	895.54	500	900.52	500.0	0.0050	4.5278	-285.4345	0.1390	0.3442	2.6480	0.1860	0.2874
36	18000	728.0	851.42	500	900.52	500.0	0.0047	1.9925	-289.7453	0.1612	0.3392	2.4931	0.1797	0.2790
37	18500	745.2	917.64	500	900.52	500.0	0.0041	1.8945	-303.5290	0.1219	0.2576	1.8846	0.1418	0.2565
38	19000	762.4	848.92	500	900.52	500.0	0.0041	2.3597	-306.1991	0.0993	0.2631	2.0518	0.1427	0.2582
39	19500	779.7	884.08	500	900.52	500.0	0.0041	2.4060	-305.6328	0.1814	0.3296	2.3063	0.1667	0.2676
40	20000	822.4	819.37	500	912.00	500.0	0.0044	3.6840	-312.4941	0.1017	0.3232	2.6361	0.1687	0.2664
41	20500	839.6	910.56	500	912.00	500.0	0.0048	3.1141	-310.3513	0.1091	0.3190	2.5481	0.1532	0.2749
42	21000	856.9	853.55	500	912.00	500.0	0.0041	4.5102	-315.6248	0.1130	0.2811	2.1633	0.1574	0.2788
43	21500	874.1	897.58	500	912.00	500.0	0.0042	3.1980	-318.1251	0.1111	0.2681	2.0420	0.1369	0.2753
44	22000	891.4	874.95	500	912.00	500.0	0.0044	5.8673	-315.8988	0.1262	0.3194	2.4742	0.1556	0.2947
45	22500	934.2	868.89	500	888.97	500.0	0.0039	3.8873	-329.6111	0.0737	0.2619	2.1721	0.1429	0.2638
46	23000	951.4	862.15	500	888.97	500.0	0.0038	3.7698	-331.4538	0.1351	0.2917	2.1642	0.1512	0.2651
47	23500	968.6	911.12	500	888.97	500.0	0.0038	2.0140	-328.6049	0.0959	0.2623	2.0682	0.1209	0.2849
48	24000	985.9	925.35	500	888.97	500.0	0.0039	2.7924	-339.5808	0.1001	0.2994	2.4157	0.1421	0.2563
49	24500	1003.2	924.40	500	888.97	500.0	0.0039	1.6822	-336.8062	0.0770	0.2770	2.3061	0.1306	0.2736
50	25000	1046.0	834.24	500	876.11	500.0	0.0046	2.9607	-328.0796	0.0797	0.3104	2.6137	0.1433	0.2949
51	25500	1063.2	878.88	500	876.11	500.0	0.0036	1.6539	-345.8807	0.1095	0.2766	2.1478	0.1309	0.2553
52	26000	1080.4	906.64	500	876.11	500.0	0.0041	3.1486	-339.5551	0.0794	0.2826	2.3473	0.1308	0.2891
53	26500	1097.6	852.83	500	876.11	500.0	0.0042	4.6744	-339.1424	0.1098	0.2786	2.1541	0.1320	0.2979
54	27000	1114.9	861.86	500	876.11	500.0	0.0035	2.7294	-351.8469	0.0989	0.2576	2.0107	0.1332	0.2632
55	27500	1157.8	860.78	500	901.21	500.0	0.0040	1.9946	-343.1547	0.0826	0.2695	2.2028	0.1217	0.2896
56	28000	1175.0	916.34	500	901.21	500.0	0.0046	2.7786	-339.4160	0.0883	0.2545	2.0124	0.1124	0.3062
57	28500	1192.2	866.54	500	901.21	500.0	0.0038	2.0172	-354.4619	0.0691	0.2672	2.2516	0.1096	0.2662
58	29000	1209.5	935.22	500	901.21	500.0	0.0039	3.4992	-355.2969	0.0889	0.2678	2.1551	0.1221	0.2763
59	29500	1226.8	840.08	500	901.21	500.0	0.0037	1.7263	-352.7203	0.1003	0.2665	2.0884	0.1266	0.2814
60	30000	1269.5	932.26	500	892.48	500.0	0.0038	2.7656	-355.4829	0.0620	0.2209	1.8226	0.1133	0.2840
