iter	step	elapsed_s	train_reward	train_length	eval_reward	eval_length	consistency_loss	grad_norm	pi_loss	reward_loss	total_loss	value_loss	weighted_loss	z_std
0	0	0.2	212.17	500	nan	nan	nan	nan	nan	nan	nan	nan	nan	nan
1	500	0.3	0.00	500	nan	nan	nan	nan	nan	nan	nan	nan	nan	nan
2	1000	0.4	0.00	500	nan	nan	nan	nan	nan	nan	nan	nan	nan	nan
3	1500	0.5	0.00	500	nan	nan	nan	nan	nan	nan	nan	nan	nan	nan
4	2000	0.7	0.00	500	nan	nan	nan	nan	nan	nan	nan	nan	nan	nan
5	2500	0.8	0.00	500	nan	nan	nan	nan	nan	nan	nan	nan	nan	nan
6	3000	0.9	18.95	500	nan	nan	nan	nan	nan	nan	nan	nan	nan	nan
7	3500	1.0	0.00	500	nan	nan	nan	nan	nan	nan	nan	nan	nan	nan
8	4000	1.1	0.00	500	nan	nan	nan	nan	nan	nan	nan	nan	nan	nan
9	4500	1.3	0.00	500	nan	nan	nan	nan	nan	nan	nan	nan	nan	nan
10	5000	168.9	0.00	500	837.69	500.0	0.0324	12.0119	-137.8672	0.4161	3.3536	30.8075	1.9958	0.4760
11	5500	187.7	859.07	500	837.69	500.0	0.0407	50.7843	-161.3971	0.7400	5.7226	52.7134	3.4930	0.5128
12	6000	206.6	824.48	500	837.69	500.0	0.0418	11.3211	-209.6478	0.9172	4.3633	38.2117	2.3986	0.4486
13	6500	225.4	898.75	500	837.69	500.0	0.0449	19.0045	-231.0692	0.8253	4.0414	35.3898	2.1774	0.4601
14	7000	244.2	859.21	500	837.69	500.0	0.0465	17.2757	-249.6339	0.5827	3.5549	31.7050	2.0262	0.4412
15	7500	288.8	904.44	500	878.63	500.0	0.0387	11.7086	-269.8041	0.6016	4.2607	38.8247	2.2498	0.4306
16	8000	307.6	934.20	500	878.63	500.0	0.0355	11.7570	-281.9118	0.4114	4.1278	38.5117	2.1922	0.4229
17	8500	326.4	945.82	500	878.63	500.0	0.0352	6.7828	-294.4897	0.5009	3.8030	34.8222	2.0664	0.4206
18	9000	345.3	843.24	500	878.63	500.0	0.0343	7.8499	-306.0200	1.1157	4.3804	37.5394	2.0343	0.4105
19	9500	364.1	821.53	500	878.63	500.0	0.0345	6.8342	-310.4027	0.6716	4.1491	37.4415	2.1222	0.4015
20	10000	408.6	868.39	500	801.00	500.0	0.0316	6.8821	-311.1346	0.6094	4.5369	41.6894	1.9662	0.3958
21	10500	427.5	805.60	500	801.00	500.0	0.0308	7.7834	-325.5677	0.5582	4.2480	39.0729	1.9135	0.3753
22	11000	446.3	901.59	500	801.00	500.0	0.0291	7.5173	-330.4611	0.8733	4.2953	38.0038	2.2653	0.3674
23	11500	465.2	824.06	500	801.00	500.0	0.0304	4.1970	-326.6766	0.5020	3.9700	36.5806	2.0868	0.3933
24	12000	484.0	918.42	500	801.00	500.0	0.0279	6.3501	-335.3395	0.5538	3.1670	28.3439	1.4783	0.3625
25	12500	528.5	758.96	500	877.92	500.0	0.0260	4.3400	-346.5801	0.7221	3.4426	30.2953	1.7981	0.3438
26	13000	547.3	893.23	500	877.92	500.0	0.0263	8.6506	-341.2042	0.6811	4.2838	38.9062	1.8980	0.3724
27	13500	566.2	816.32	500	877.92	500.0	0.0245	5.4680	-350.9796	0.6078	3.7400	33.8704	1.7013	0.3532
28	14000	585.1	966.40	500	877.92	500.0	0.0248	5.0691	-359.5077	0.5981	3.6707	33.2205	1.8491	0.3389
29	14500	603.9	852.39	500	877.92	500.0	0.0254	7.7856	-357.1955	0.5335	4.0525	37.3487	1.8369	0.3477
30	15000	648.4	909.27	500	848.72	500.0	0.0247	4.1851	-362.7661	0.6777	4.3959	40.0761	1.9255	0.3539
31	15500	667.3	886.94	500	848.72	500.0	0.0245	6.2066	-373.2924	0.4174	3.9511	36.9351	1.8990	0.3354
32	16000	686.1	858.55	500	848.72	500.0	0.0242	12.8540	-386.5262	0.4267	3.5321	32.7039	1.8361	0.3293
33	16500	705.0	811.00	500	848.72	500.0	0.0239	10.9854	-391.1026	0.6281	3.8606	34.9882	2.0299	0.3308
34	17000	723.9	824.63	500	848.72	500.0	0.0225	8.0161	-402.9495	0.5064	3.6999	34.0178	1.7971	0.3307
35	17500	768.3	869.41	500	854.03	500.0	0.0228	9.9291	-409.4732	0.6195	3.5056	31.5026	1.9895	0.3333
36	18000	787.2	816.54	500	854.03	500.0	0.0230	9.7589	-420.6681	0.3536	4.1967	39.7388	2.2204	0.3292
37	18500	806.1	897.56	500	854.03	500.0	0.0225	8.4825	-431.9997	0.4272	4.2481	39.8953	2.1134	0.3242
38	19000	824.9	760.18	500	854.03	500.0	0.0246	8.4776	-434.6030	0.4500	5.0705	47.9626	2.4367	0.3097
39	19500	843.8	855.68	500	854.03	500.0	0.0231	7.7163	-438.5215	0.5933	4.1035	37.6059	2.2664	0.3450
40	20000	888.3	826.84	500	719.05	500.0	0.0236	16.4445	-451.6043	1.0484	4.4694	38.9803	2.3623	0.3184
41	20500	907.2	899.31	500	719.05	500.0	0.0229	9.6021	-460.1444	0.4941	4.5990	43.0624	2.5358	0.3106
42	21000	926.1	824.77	500	719.05	500.0	0.0230	6.1204	-474.4941	0.6496	3.9833	36.1251	2.0729	0.2969
43	21500	945.0	862.10	500	719.05	500.0	0.0233	5.7834	-477.9719	0.3064	4.3034	41.0358	2.1355	0.2906
44	22000	963.8	865.23	500	719.05	500.0	0.0240	5.7101	-480.3174	0.6738	4.2290	38.4420	2.2649	0.3036
45	22500	1008.3	847.80	500	688.78	500.0	0.0231	11.0451	-484.1239	0.3625	4.7849	45.5738	2.5392	0.3133
46	23000	1027.1	828.29	500	688.78	500.0	0.0252	16.5789	-488.4481	0.5000	5.1674	48.6696	2.9440	0.2981
47	23500	1046.0	798.55	500	688.78	500.0	0.0233	9.4815	-508.2979	0.4869	4.8007	45.1075	2.3501	0.2679
48	24000	1064.9	918.79	500	688.78	500.0	0.0226	7.9090	-509.4300	0.5861	4.7832	44.4481	2.4669	0.2813
49	24500	1083.8	887.77	500	688.78	500.0	0.0222	10.0607	-520.8787	0.7477	5.7822	53.6395	3.3076	0.2801
50	25000	1128.4	835.36	500	667.85	500.0	0.0225	10.6856	-518.3903	0.6178	4.7695	44.1569	2.8470	0.2939
51	25500	1147.3	830.22	500	667.85	500.0	0.0223	10.1625	-524.3845	0.5527	4.9784	46.5740	2.7858	0.2788
52	26000	1166.1	882.67	500	667.85	500.0	0.0244	8.9165	-523.0665	0.3897	6.6479	64.0425	3.7491	0.2901
53	26500	1185.0	839.44	500	667.85	500.0	0.0212	7.4281	-547.6234	0.5416	5.0013	46.8815	2.7959	0.2472
54	27000	1203.9	821.04	500	667.85	500.0	0.0224	11.3966	-538.6761	0.5387	6.0240	57.0987	3.3157	0.2735
55	27500	1248.5	766.17	500	544.67	500.0	0.0228	8.9151	-550.1008	0.4172	6.4810	62.2665	3.7824	0.2471
56	28000	1267.3	876.21	500	544.67	500.0	0.0228	14.8328	-553.6940	0.3458	4.9535	47.3502	2.6396	0.2479
57	28500	1286.2	826.30	500	544.67	500.0	0.0239	13.9290	-556.3287	0.5384	6.1153	57.9835	3.5307	0.2532
58	29000	1305.1	935.25	500	544.67	500.0	0.0223	16.2933	-568.4796	0.7034	6.3062	59.0977	3.5909	0.2513
59	29500	1324.0	824.15	500	544.67	500.0	0.0215	15.4516	-579.2639	0.3905	5.4373	51.9909	3.0748	0.2397
60	30000	1368.6	818.08	500	862.80	500.0	0.0226	9.2029	-579.1365	0.6572	6.7449	63.7120	3.4230	0.2499
