iter	step	elapsed_s	train_reward	train_length	eval_reward	eval_length	consistency_loss	grad_norm	pi_loss	reward_loss	total_loss	value_loss	weighted_loss
0	0	0.2	30.31	500	nan	nan	nan	nan	nan	nan	nan	nan	nan
1	500	0.3	25.13	500	nan	nan	nan	nan	nan	nan	nan	nan	nan
2	1000	0.5	26.00	500	nan	nan	nan	nan	nan	nan	nan	nan	nan
3	1500	0.6	23.80	500	nan	nan	nan	nan	nan	nan	nan	nan	nan
4	2000	0.7	25.64	500	nan	nan	nan	nan	nan	nan	nan	nan	nan
5	2500	0.9	25.26	500	nan	nan	nan	nan	nan	nan	nan	nan	nan
6	3000	1.0	25.63	500	nan	nan	nan	nan	nan	nan	nan	nan	nan
7	3500	1.2	25.22	500	nan	nan	nan	nan	nan	nan	nan	nan	nan
8	4000	1.3	25.27	500	nan	nan	nan	nan	nan	nan	nan	nan	nan
9	4500	1.5	23.97	500	nan	nan	nan	nan	nan	nan	nan	nan	nan
10	5000	79.4	21.03	500	35.68	500.0	0.0077	0.0262	-12.7276	0.0009	0.0192	0.0342	0.0094
11	5500	88.5	27.99	500	35.68	500.0	0.0075	0.0246	-13.9700	0.0009	0.0188	0.0343	0.0106
12	6000	97.7	44.89	500	35.68	500.0	0.0071	0.0274	-15.0047	0.0007	0.0181	0.0355	0.0106
13	6500	106.9	44.32	500	35.68	500.0	0.0079	0.0411	-16.3757	0.0009	0.0251	0.0872	0.0117
14	7000	116.1	61.58	500	35.68	500.0	0.0083	0.0425	-18.3391	0.0009	0.0306	0.1362	0.0147
15	7500	142.4	29.98	500	62.71	500.0	0.0081	0.0435	-19.7908	0.0007	0.0266	0.1010	0.0136
16	8000	151.3	28.64	500	62.71	500.0	0.0080	0.0326	-20.8327	0.0007	0.0232	0.0688	0.0127
17	8500	160.2	73.29	500	62.71	500.0	0.0071	0.0352	-21.5291	0.0006	0.0194	0.0488	0.0118
18	9000	169.3	95.01	500	62.71	500.0	0.0074	0.0279	-22.5017	0.0012	0.0207	0.0523	0.0108
19	9500	178.4	41.23	500	62.71	500.0	0.0070	0.0185	-23.3885	0.0010	0.0208	0.0643	0.0082
20	10000	204.3	45.09	500	117.36	500.0	0.0074	0.0468	-24.6856	0.0010	0.0261	0.1084	0.0152
21	10500	213.3	125.54	500	117.36	500.0	0.0091	0.0692	-27.0624	0.0015	0.0416	0.2262	0.0215
22	11000	222.2	136.48	500	117.36	500.0	0.0102	0.0591	-29.9040	0.0014	0.0489	0.2767	0.0257
23	11500	231.2	154.31	500	117.36	500.0	0.0111	0.0886	-33.1929	0.0025	0.0638	0.4038	0.0279
24	12000	240.2	132.51	500	117.36	500.0	0.0143	0.0911	-35.9154	0.0034	0.0766	0.4628	0.0385
25	12500	265.9	128.51	500	181.01	500.0	0.0143	0.1083	-38.7878	0.0027	0.0774	0.4742	0.0415
26	13000	274.8	184.61	500	181.01	500.0	0.0127	0.1141	-42.1802	0.0030	0.0730	0.4607	0.0363
27	13500	283.8	181.92	500	181.01	500.0	0.0125	0.1047	-44.3789	0.0023	0.0718	0.4572	0.0370
28	14000	292.7	190.04	500	181.01	500.0	0.0129	0.0938	-47.6462	0.0038	0.0758	0.4808	0.0413
29	14500	301.8	203.63	500	181.01	500.0	0.0141	0.1155	-50.2434	0.0038	0.0726	0.4256	0.0418
30	15000	328.0	188.66	500	216.42	500.0	0.0130	0.1063	-53.3395	0.0041	0.0658	0.3769	0.0338
31	15500	336.9	203.11	500	216.42	500.0	0.0136	0.1541	-55.6283	0.0035	0.0726	0.4366	0.0416
32	16000	346.0	257.55	500	216.42	500.0	0.0142	0.0880	-58.6649	0.0045	0.0865	0.5575	0.0372
33	16500	355.4	230.88	500	216.42	500.0	0.0152	0.1610	-61.8066	0.0045	0.0825	0.4980	0.0426
34	17000	364.7	208.93	500	216.42	500.0	0.0168	0.1588	-64.3417	0.0047	0.1194	0.8333	0.0491
35	17500	390.4	232.73	500	272.17	500.0	0.0165	0.1579	-67.6225	0.0052	0.1325	0.9689	0.0560
36	18000	399.4	298.48	500	272.17	500.0	0.0173	0.1819	-71.1713	0.0059	0.1301	0.9250	0.0752
37	18500	408.6	255.20	500	272.17	500.0	0.0182	0.2028	-74.6888	0.0052	0.1454	1.0635	0.0678
38	19000	417.6	325.15	500	272.17	500.0	0.0184	0.1822	-78.7737	0.0044	0.1469	1.0790	0.0781
39	19500	426.6	163.63	500	272.17	500.0	0.0200	0.1880	-82.3991	0.0054	0.1701	1.2734	0.0844
40	20000	453.1	258.07	500	285.46	500.0	0.0211	0.2436	-85.9284	0.0071	0.1994	1.5355	0.1087
41	20500	462.4	262.70	500	285.46	500.0	0.0218	0.2343	-89.3706	0.0050	0.2113	1.6524	0.1040
42	21000	471.7	311.51	500	285.46	500.0	0.0218	0.4122	-93.5437	0.0052	0.2091	1.6284	0.1154
43	21500	480.8	229.18	500	285.46	500.0	0.0232	0.2897	-95.9599	0.0055	0.2253	1.7616	0.1256
44	22000	489.7	212.24	500	285.46	500.0	0.0256	0.3320	-100.3477	0.0059	0.2601	2.0598	0.1381
45	22500	515.2	295.63	500	291.66	500.0	0.0246	0.2691	-103.8610	0.0063	0.2242	1.7171	0.1070
46	23000	524.2	252.74	500	291.66	500.0	0.0235	0.2709	-108.1614	0.0059	0.2318	1.8191	0.1183
47	23500	533.2	334.99	500	291.66	500.0	0.0219	0.2849	-110.9901	0.0053	0.2108	1.6428	0.1267
48	24000	542.1	305.86	500	291.66	500.0	0.0239	0.2442	-114.1990	0.0054	0.2009	1.5044	0.1049
49	24500	551.1	270.05	500	291.66	500.0	0.0235	0.2586	-117.1760	0.0054	0.1896	1.3986	0.1069
50	25000	576.7	289.23	500	340.85	500.0	0.0231	0.3741	-119.7872	0.0057	0.1905	1.4147	0.1205
51	25500	585.7	322.00	500	340.85	500.0	0.0230	0.3147	-123.7631	0.0053	0.1988	1.5014	0.1126
52	26000	594.7	271.73	500	340.85	500.0	0.0241	0.3143	-125.9413	0.0057	0.1970	1.4581	0.1124
53	26500	603.9	279.55	500	340.85	500.0	0.0233	0.2589	-129.3432	0.0070	0.1872	1.3717	0.0990
54	27000	613.1	255.44	500	340.85	500.0	0.0247	0.2611	-130.7043	0.0064	0.2060	1.5339	0.1154
55	27500	638.8	358.59	500	300.20	500.0	0.0239	0.1678	-133.5208	0.0054	0.1916	1.4106	0.0945
56	28000	648.0	315.79	500	300.20	500.0	0.0231	0.6598	-136.3548	0.0059	0.1863	1.3720	0.1116
57	28500	657.0	296.02	500	300.20	500.0	0.0234	0.2972	-137.6009	0.0053	0.1919	1.4238	0.0944
58	29000	666.1	390.54	500	300.20	500.0	0.0231	0.7067	-140.8698	0.0070	0.1965	1.4676	0.1030
59	29500	675.2	19.76	500	300.20	500.0	0.0229	0.3224	-143.3207	0.0059	0.1735	1.2462	0.0920
60	30000	700.6	175.97	500	162.46	500.0	0.0223	0.3750	-145.1558	0.0058	0.1590	1.1145	0.0989
