iter	step	elapsed_s	train_reward	train_length	eval_reward	eval_length	consistency_loss	grad_norm	pi_loss	reward_loss	total_loss	value_loss	weighted_loss	z_std
0	0	0.2	68.08	500	nan	nan	nan	nan	nan	nan	nan	nan	nan	nan
1	500	0.3	0.00	500	nan	nan	nan	nan	nan	nan	nan	nan	nan	nan
2	1000	0.4	0.00	500	nan	nan	nan	nan	nan	nan	nan	nan	nan	nan
3	1500	0.5	0.00	500	nan	nan	nan	nan	nan	nan	nan	nan	nan	nan
4	2000	0.6	0.00	500	nan	nan	nan	nan	nan	nan	nan	nan	nan	nan
5	2500	0.8	0.00	500	nan	nan	nan	nan	nan	nan	nan	nan	nan	nan
6	3000	0.9	396.79	500	nan	nan	nan	nan	nan	nan	nan	nan	nan	nan
7	3500	1.0	0.00	500	nan	nan	nan	nan	nan	nan	nan	nan	nan	nan
8	4000	1.1	0.00	500	nan	nan	nan	nan	nan	nan	nan	nan	nan	nan
9	4500	1.2	0.00	500	nan	nan	nan	nan	nan	nan	nan	nan	nan	nan
10	5000	151.1	0.00	500	178.47	500.0	0.0019	1.2515	-35.9946	0.0679	0.0696	0.3195	0.0336	0.4405
11	5500	168.1	876.13	500	178.47	500.0	0.0022	1.4445	-52.4932	0.0529	0.0741	0.4336	0.0333	0.4195
12	6000	185.1	907.07	500	178.47	500.0	0.0028	0.8748	-60.1646	0.0719	0.0963	0.5484	0.0463	0.4113
13	6500	202.2	917.92	500	178.47	500.0	0.0024	2.6231	-86.8313	0.0656	0.1004	0.6282	0.0555	0.3590
14	7000	219.2	851.53	500	178.47	500.0	0.0023	1.8465	-85.7917	0.0427	0.0787	0.5286	0.0432	0.3716
15	7500	261.9	921.95	500	879.29	500.0	0.0021	0.9043	-104.5130	0.0746	0.0930	0.5147	0.0546	0.3479
16	8000	278.9	938.58	500	879.29	500.0	0.0022	0.5689	-109.6024	0.0537	0.0756	0.4439	0.0437	0.3446
17	8500	295.9	953.00	500	879.29	500.0	0.0023	1.5554	-118.8281	0.0333	0.0745	0.5336	0.0459	0.3269
18	9000	312.9	963.23	500	879.29	500.0	0.0025	1.2432	-131.9443	0.0417	0.0780	0.5218	0.0450	0.3134
19	9500	330.0	809.56	500	879.29	500.0	0.0020	2.9738	-142.1961	0.0327	0.1014	0.8090	0.0567	0.2964
20	10000	372.6	887.69	500	914.21	500.0	0.0020	6.4784	-145.2480	0.0267	0.2140	1.9670	0.1256	0.3162
21	10500	389.5	861.84	500	914.21	500.0	0.0020	3.0887	-156.6355	0.0217	0.1011	0.8619	0.0619	0.2970
22	11000	406.6	933.16	500	914.21	500.0	0.0018	1.4047	-162.8474	0.0248	0.0669	0.5088	0.0414	0.2964
23	11500	423.6	872.33	500	914.21	500.0	0.0018	1.8904	-175.2424	0.0358	0.0639	0.4236	0.0393	0.2751
24	12000	440.7	957.18	500	914.21	500.0	0.0016	3.7708	-185.0084	0.0275	0.0989	0.8206	0.0581	0.2667
25	12500	483.3	874.17	500	891.39	500.0	0.0017	1.6509	-185.4520	0.0132	0.0613	0.5132	0.0380	0.2760
26	13000	500.3	910.00	500	891.39	500.0	0.0021	5.5161	-190.6957	0.0156	0.1585	1.4658	0.0998	0.2646
27	13500	517.4	816.69	500	891.39	500.0	0.0017	1.2502	-202.6780	0.0140	0.0576	0.4725	0.0404	0.2590
28	14000	534.5	993.07	500	891.39	500.0	0.0015	3.2091	-203.0469	0.0133	0.0936	0.8397	0.0575	0.2793
29	14500	551.6	916.38	500	891.39	500.0	0.0055	7.1877	-196.7581	0.0263	0.3957	3.7146	0.2087	0.2667
30	15000	594.2	676.86	500	892.46	500.0	0.0016	5.4046	-217.9844	0.0333	0.1585	1.3864	0.0983	0.2495
31	15500	611.3	923.50	500	892.46	500.0	0.0015	0.9543	-222.3537	0.0367	0.0659	0.4463	0.0379	0.2541
32	16000	628.3	913.38	500	892.46	500.0	0.0014	4.5164	-232.0783	0.0451	0.1230	0.9768	0.0708	0.2288
33	16500	645.4	832.08	500	892.46	500.0	0.0018	1.5341	-231.8053	0.0300	0.0680	0.4943	0.0419	0.2480
34	17000	662.5	859.38	500	892.46	500.0	0.0015	2.6155	-234.8640	0.0302	0.0708	0.5268	0.0469	0.2492
35	17500	705.2	896.51	500	904.30	500.0	0.0018	1.7996	-234.4639	0.0207	0.0717	0.5784	0.0442	0.2610
36	18000	722.2	863.54	500	904.30	500.0	0.0016	2.4712	-239.4656	0.0264	0.0709	0.5456	0.0417	0.2635
37	18500	739.3	920.38	500	904.30	500.0	0.0018	5.0098	-245.9077	0.0356	0.1554	1.3402	0.0885	0.2397
38	19000	756.4	851.30	500	904.30	500.0	0.0016	1.3833	-245.0833	0.0156	0.0570	0.4595	0.0290	0.2708
39	19500	773.4	884.38	500	904.30	500.0	0.0016	2.8123	-251.1883	0.0292	0.0807	0.6299	0.0488	0.2586
40	20000	816.1	842.17	500	908.64	500.0	0.0020	1.3779	-246.0211	0.0226	0.0744	0.5919	0.0327	0.2833
41	20500	833.2	910.13	500	908.64	500.0	0.0015	0.7705	-257.8113	0.0150	0.0543	0.4374	0.0276	0.2641
42	21000	850.3	849.01	500	908.64	500.0	0.0015	3.6522	-258.5952	0.0146	0.0973	0.8694	0.0540	0.2753
43	21500	867.4	896.27	500	908.64	500.0	0.0014	2.1094	-266.7332	0.0157	0.0624	0.5165	0.0374	0.2593
44	22000	884.4	871.61	500	908.64	500.0	0.0015	4.1820	-266.0263	0.0144	0.1135	1.0329	0.0629	0.2683
45	22500	927.2	865.09	500	893.51	500.0	0.0014	1.3464	-274.0847	0.0094	0.0477	0.4019	0.0262	0.2555
46	23000	944.2	862.18	500	893.51	500.0	0.0017	1.4346	-268.2891	0.0115	0.0573	0.4828	0.0320	0.2819
47	23500	961.3	913.40	500	893.51	500.0	0.0017	2.5526	-269.7625	0.0138	0.0829	0.7259	0.0467	0.2807
48	24000	978.4	930.53	500	893.51	500.0	0.0013	1.4747	-279.1205	0.0106	0.0569	0.4893	0.0302	0.2642
49	24500	995.5	927.18	500	893.51	500.0	0.0015	1.4800	-280.8313	0.0116	0.0662	0.5740	0.0329	0.2687
50	25000	1038.2	845.89	500	883.65	500.0	0.0013	1.1775	-282.2425	0.0074	0.0506	0.4426	0.0254	0.2749
51	25500	1055.2	886.87	500	883.65	500.0	0.0013	1.4971	-286.2269	0.0112	0.0610	0.5282	0.0336	0.2680
52	26000	1072.3	915.77	500	883.65	500.0	0.0013	1.3861	-291.7710	0.0208	0.0446	0.3159	0.0217	0.2534
53	26500	1089.4	862.81	500	883.65	500.0	0.0012	4.8257	-296.5833	0.0082	0.1775	1.7099	0.0977	0.2552
54	27000	1106.5	872.49	500	883.65	500.0	0.0016	1.9116	-284.7497	0.0258	0.0620	0.4586	0.0331	0.2848
55	27500	1149.2	864.14	500	911.76	500.0	0.0015	0.7803	-290.2170	0.0059	0.0388	0.3277	0.0207	0.2814
56	28000	1166.3	925.05	500	911.76	500.0	0.0013	1.1150	-294.4319	0.0064	0.0534	0.4754	0.0249	0.2716
57	28500	1183.4	877.40	500	911.76	500.0	0.0014	4.4475	-294.7292	0.0672	0.1561	1.1975	0.0805	0.2754
58	29000	1200.5	944.35	500	911.76	500.0	0.0013	1.2124	-296.5900	0.0074	0.0599	0.5358	0.0269	0.2775
59	29500	1217.6	850.41	500	911.76	500.0	0.0012	1.1603	-300.2070	0.0092	0.0503	0.4335	0.0230	0.2736
60	30000	1260.3	943.68	500	898.19	500.0	0.0012	0.5953	-303.0926	0.0051	0.0409	0.3601	0.0189	0.2689
