iter	step	elapsed_s	train_reward	train_length	eval_reward	eval_length	consistency_loss	grad_norm	pi_loss	reward_loss	total_loss	value_loss	weighted_loss	z_std
0	0	0.2	36.05	500	nan	nan	nan	nan	nan	nan	nan	nan	nan	nan
1	500	0.3	64.15	500	nan	nan	nan	nan	nan	nan	nan	nan	nan	nan
2	1000	0.5	30.64	500	nan	nan	nan	nan	nan	nan	nan	nan	nan	nan
3	1500	0.6	29.41	500	nan	nan	nan	nan	nan	nan	nan	nan	nan	nan
4	2000	0.8	39.59	500	nan	nan	nan	nan	nan	nan	nan	nan	nan	nan
5	2500	1.0	31.47	500	nan	nan	nan	nan	nan	nan	nan	nan	nan	nan
6	3000	1.1	29.55	500	nan	nan	nan	nan	nan	nan	nan	nan	nan	nan
7	3500	1.3	29.75	500	nan	nan	nan	nan	nan	nan	nan	nan	nan	nan
8	4000	1.4	40.08	500	nan	nan	nan	nan	nan	nan	nan	nan	nan	nan
9	4500	1.6	32.32	500	nan	nan	nan	nan	nan	nan	nan	nan	nan	nan
10	5000	69.4	41.97	500	30.20	500.0	0.3291	0.6682	-29.2891	0.0016	0.7187	0.5975	0.5277	0.9498
11	5500	77.3	45.93	500	30.20	500.0	0.3051	0.5235	-35.8000	0.0014	0.6641	0.5328	0.4948	0.9770
12	6000	85.3	20.86	500	30.20	500.0	0.2841	0.7703	-42.0189	0.0016	0.6305	0.6152	0.4564	0.9726
13	6500	93.2	122.17	500	30.20	500.0	0.2968	0.6884	-47.5952	0.0037	0.6724	0.7690	0.4089	1.0038
14	7000	101.0	27.09	500	30.20	500.0	0.2864	0.6378	-50.7746	0.0030	0.6368	0.6251	0.4233	1.0262
15	7500	122.2	65.69	500	200.36	500.0	0.2834	0.5394	-54.3500	0.0024	0.6192	0.5115	0.4160	1.0220
16	8000	130.1	309.30	500	200.36	500.0	0.2880	0.6117	-57.8988	0.0079	0.6432	0.6327	0.4203	1.0855
17	8500	138.0	264.04	500	200.36	500.0	0.2980	0.7949	-61.5806	0.0094	0.6827	0.8198	0.4720	1.0977
18	9000	145.8	252.50	500	200.36	500.0	0.3200	0.6597	-65.1350	0.0118	0.7363	0.9041	0.4732	1.1141
19	9500	153.5	449.80	500	200.36	500.0	0.3222	1.1587	-70.6005	0.0168	0.8129	1.6011	0.5256	1.1530
20	10000	174.5	475.46	500	518.27	500.0	0.3359	1.0223	-76.7204	0.0166	0.8755	1.9540	0.5116	1.1225
21	10500	182.3	516.40	500	518.27	500.0	0.3232	1.3384	-84.0945	0.0185	0.8849	2.2933	0.5179	1.1284
22	11000	190.0	279.03	500	518.27	500.0	0.2929	1.5595	-89.8017	0.0129	0.8009	2.0879	0.5366	1.1463
23	11500	197.7	666.09	500	518.27	500.0	0.3096	1.3217	-97.8951	0.0159	0.8452	2.1808	0.5336	1.1484
24	12000	205.4	672.77	500	518.27	500.0	0.2991	1.1954	-106.8517	0.0195	0.8530	2.4508	0.5121	1.1275
25	12500	226.1	670.36	500	785.19	500.0	0.2999	1.3018	-115.0441	0.0173	0.8989	2.9045	0.5718	1.1195
26	13000	234.1	825.23	500	785.19	500.0	0.2949	1.2538	-124.8780	0.0167	0.8819	2.8381	0.5725	1.1240
27	13500	242.2	510.94	500	785.19	500.0	0.2989	1.8810	-131.2640	0.0190	0.9182	3.1089	0.5508	1.1315
28	14000	250.2	882.32	500	785.19	500.0	0.2910	1.3665	-140.3643	0.0188	0.9490	3.5771	0.6052	1.1192
29	14500	258.1	617.41	500	785.19	500.0	0.2927	3.5980	-148.0913	0.0188	1.0542	4.5932	0.7103	1.0975
30	15000	279.2	905.71	500	870.39	500.0	0.2744	2.3864	-157.9154	0.0144	0.8984	3.4243	0.4941	1.0880
31	15500	287.1	827.22	500	870.39	500.0	0.2551	1.5132	-164.8658	0.0145	0.8282	3.1089	0.5199	1.1057
32	16000	294.9	888.83	500	870.39	500.0	0.2669	1.6751	-174.2198	0.0155	0.8842	3.4263	0.5528	1.0766
33	16500	302.7	847.19	500	870.39	500.0	0.2583	1.7747	-180.6559	0.0139	0.8130	2.8951	0.5422	1.1048
34	17000	310.6	862.33	500	870.39	500.0	0.2667	1.5990	-190.0463	0.0165	0.8498	3.0827	0.5486	1.0754
35	17500	331.7	844.84	500	870.65	500.0	0.2516	2.1161	-198.5928	0.0152	0.8258	3.1496	0.5448	1.0736
36	18000	339.5	874.20	500	870.65	500.0	0.2395	2.7605	-202.8602	0.0151	0.8230	3.3639	0.5144	1.0944
37	18500	347.4	936.38	500	870.65	500.0	0.2469	2.1280	-210.2158	0.0187	0.8394	3.3630	0.5572	1.0997
38	19000	355.3	902.37	500	870.65	500.0	0.2495	1.6195	-220.1525	0.0141	0.7927	2.8656	0.5377	1.0535
39	19500	363.1	936.19	500	870.65	500.0	0.2440	1.4444	-226.2200	0.0149	0.7724	2.7694	0.5106	1.0713
40	20000	384.2	947.42	500	932.79	500.0	0.2321	3.1884	-229.0309	0.0126	0.7510	2.8047	0.4164	1.1125
41	20500	392.1	925.84	500	932.79	500.0	0.2283	4.9373	-238.4884	0.0131	0.7712	3.0798	0.5411	1.0372
42	21000	400.0	841.41	500	932.79	500.0	0.2229	2.8899	-243.9641	0.0128	0.7047	2.5258	0.4278	1.0550
43	21500	408.0	904.80	500	932.79	500.0	0.2330	1.5347	-249.2625	0.0108	0.7112	2.3982	0.4648	1.0477
44	22000	415.9	938.06	500	932.79	500.0	0.2317	1.2714	-254.5794	0.0169	0.6955	2.2361	0.4416	1.0394
45	22500	436.8	915.81	500	924.53	500.0	0.2320	1.4798	-257.6897	0.0115	0.6768	2.0717	0.4555	1.0828
46	23000	444.7	898.16	500	924.53	500.0	0.2138	2.0113	-264.3999	0.0148	0.6746	2.3949	0.4606	1.0539
47	23500	452.6	845.81	500	924.53	500.0	0.2244	3.1678	-269.2554	0.0137	0.6916	2.3603	0.4538	1.0420
48	24000	460.4	926.77	500	924.53	500.0	0.2206	3.2612	-273.4321	0.0141	0.6770	2.2881	0.4301	1.0397
49	24500	468.3	980.52	500	924.53	500.0	0.2103	1.5631	-277.6106	0.0118	0.6429	2.1643	0.4094	1.0609
50	25000	489.5	922.78	500	903.90	500.0	0.2114	0.7994	-283.5901	0.0097	0.6069	1.7920	0.3795	1.0482
51	25500	497.4	969.01	500	903.90	500.0	0.2027	1.4344	-286.8708	0.0111	0.5870	1.7603	0.3962	1.0545
52	26000	505.2	943.20	500	903.90	500.0	0.2021	4.2411	-291.6593	0.0097	0.6510	2.4199	0.3769	1.0610
53	26500	513.1	917.51	500	903.90	500.0	0.2099	2.9258	-294.5840	0.0115	0.6355	2.0990	0.4345	1.0766
54	27000	520.9	929.89	500	903.90	500.0	0.2106	1.5898	-299.6007	0.0145	0.6291	2.0061	0.3891	1.0593
55	27500	542.1	950.72	500	939.97	500.0	0.2097	1.1269	-303.6548	0.0128	0.5982	1.7247	0.3557	1.0685
56	28000	549.9	899.53	500	939.97	500.0	0.2107	3.6524	-306.3060	0.0117	0.6556	2.2825	0.4303	1.0773
57	28500	557.8	864.86	500	939.97	500.0	0.1950	1.3052	-310.0367	0.0091	0.5809	1.8638	0.3891	1.0879
58	29000	565.7	919.38	500	939.97	500.0	0.1977	1.6358	-314.6865	0.0096	0.6005	2.0039	0.3878	1.0638
59	29500	573.5	931.61	500	939.97	500.0	0.1939	4.2981	-318.7347	0.0081	0.6429	2.5116	0.4179	1.0513
60	30000	594.4	965.07	500	915.97	500.0	0.1986	2.5325	-321.6659	0.0064	0.6069	2.0639	0.3807	1.0674
