iter	step	elapsed_s	train_reward	train_length	eval_reward	eval_length	consistency_loss	grad_norm	pi_loss	reward_loss	total_loss	value_loss	weighted_loss	z_std
0	0	0.2	40.61	500	nan	nan	nan	nan	nan	nan	nan	nan	nan	nan
1	500	0.3	0.00	500	nan	nan	nan	nan	nan	nan	nan	nan	nan	nan
2	1000	0.4	0.00	500	nan	nan	nan	nan	nan	nan	nan	nan	nan	nan
3	1500	0.5	0.00	500	nan	nan	nan	nan	nan	nan	nan	nan	nan	nan
4	2000	0.6	0.00	500	nan	nan	nan	nan	nan	nan	nan	nan	nan	nan
5	2500	0.8	0.00	500	nan	nan	nan	nan	nan	nan	nan	nan	nan	nan
6	3000	0.9	0.00	500	nan	nan	nan	nan	nan	nan	nan	nan	nan	nan
7	3500	1.0	0.00	500	nan	nan	nan	nan	nan	nan	nan	nan	nan	nan
8	4000	1.1	0.00	500	nan	nan	nan	nan	nan	nan	nan	nan	nan	nan
9	4500	1.2	0.00	500	nan	nan	nan	nan	nan	nan	nan	nan	nan	nan
10	5000	147.4	0.00	500	12.47	500.0	0.0006	0.2082	-9.4459	0.0035	0.0063	0.0344	0.0030	0.1581
11	5500	164.1	21.11	500	12.47	500.0	0.0006	0.9777	-14.2344	0.0152	0.0263	0.1756	0.0128	0.1649
12	6000	180.7	0.00	500	12.47	500.0	0.0173	1.1966	-31.6530	0.0886	0.1060	0.2707	0.0465	0.1331
13	6500	197.4	0.00	500	12.47	500.0	0.0012	0.7981	-35.7040	0.0881	0.0786	0.3219	0.0283	0.1405
14	7000	214.1	0.00	500	12.47	500.0	0.0006	0.4927	-39.4648	0.0916	0.0636	0.1668	0.0233	0.1398
15	7500	256.1	0.00	500	0.00	500.0	0.0004	0.3632	-38.7098	0.1102	0.0761	0.2011	0.0255	0.1452
16	8000	272.8	0.00	500	0.00	500.0	0.0003	0.0447	-42.2504	0.0871	0.0589	0.1470	0.0017	0.1457
17	8500	289.4	0.00	500	0.00	500.0	0.0002	0.3189	-42.5205	0.0505	0.0334	0.0767	0.0114	0.1534
18	9000	306.1	21.07	500	0.00	500.0	0.0002	0.3420	-44.7241	0.0746	0.0472	0.0950	0.0175	0.1501
19	9500	322.8	0.00	500	0.00	500.0	0.0002	0.2533	-44.2705	0.0515	0.0328	0.0653	0.0125	0.1567
20	10000	364.9	0.00	500	189.05	500.0	0.0002	0.1978	-46.4945	0.0374	0.0236	0.0454	0.0100	0.1550
21	10500	381.5	0.00	500	189.05	500.0	0.0002	0.4440	-45.8137	0.0566	0.0324	0.0377	0.0120	0.1600
22	11000	398.2	915.00	500	189.05	500.0	0.0004	0.4272	-42.7214	0.0196	0.0144	0.0376	0.0080	0.1947
23	11500	414.9	0.00	500	189.05	500.0	0.0005	0.1907	-44.1196	0.0179	0.0126	0.0257	0.0060	0.2060
24	12000	431.6	509.35	500	189.05	500.0	0.0010	1.0828	-43.3621	0.0517	0.0324	0.0453	0.0149	0.2246
25	12500	473.7	872.33	500	883.77	500.0	0.0009	0.4088	-43.1326	0.0269	0.0220	0.0669	0.0109	0.2489
26	13000	490.4	902.81	500	883.77	500.0	0.0009	0.9191	-47.8294	0.0475	0.0330	0.0743	0.0161	0.2376
27	13500	507.0	831.53	500	883.77	500.0	0.0009	0.4755	-54.2619	0.0526	0.0340	0.0594	0.0169	0.2456
28	14000	523.7	991.55	500	883.77	500.0	0.0008	0.2154	-49.7180	0.0283	0.0201	0.0442	0.0098	0.2670
29	14500	540.4	916.20	500	883.77	500.0	0.0009	2.5648	-58.2537	0.0392	0.0274	0.0602	0.0159	0.2534
30	15000	582.5	947.83	500	889.32	500.0	0.0009	0.4839	-59.8692	0.0109	0.0151	0.0786	0.0074	0.2608
31	15500	599.2	919.08	500	889.32	500.0	0.0008	0.7161	-70.0667	0.0096	0.0114	0.0498	0.0061	0.2462
32	16000	615.9	910.94	500	889.32	500.0	0.0009	0.7031	-70.3939	0.0088	0.0121	0.0587	0.0064	0.2561
33	16500	632.6	840.96	500	889.32	500.0	0.0010	0.9481	-75.2106	0.0070	0.0195	0.1412	0.0101	0.2551
34	17000	649.3	861.40	500	889.32	500.0	0.0010	3.0096	-75.7078	0.0361	0.0323	0.1234	0.0176	0.2600
35	17500	691.3	896.12	500	902.84	500.0	0.0010	0.9396	-87.3399	0.0078	0.0161	0.1028	0.0082	0.2542
36	18000	708.0	864.18	500	902.84	500.0	0.0010	1.3167	-87.3080	0.0051	0.0299	0.2535	0.0156	0.2593
37	18500	724.6	923.67	500	902.84	500.0	0.0010	0.7032	-99.4732	0.0060	0.0133	0.0830	0.0059	0.2428
38	19000	741.3	853.00	500	902.84	500.0	0.0010	1.0104	-106.0751	0.0067	0.0178	0.1254	0.0082	0.2486
39	19500	758.1	885.66	500	902.84	500.0	0.0010	0.1821	-112.3635	0.0032	0.0087	0.0514	0.0045	0.2425
40	20000	800.1	843.55	500	915.83	500.0	0.0009	0.6040	-115.0934	0.0033	0.0112	0.0781	0.0056	0.2431
41	20500	816.7	920.42	500	915.83	500.0	0.0009	0.5479	-122.5319	0.0036	0.0125	0.0888	0.0058	0.2380
42	21000	833.4	855.26	500	915.83	500.0	0.0009	0.4941	-123.9242	0.0026	0.0095	0.0645	0.0049	0.2439
43	21500	850.1	901.15	500	915.83	500.0	0.0008	0.4059	-127.3948	0.0047	0.0163	0.1240	0.0069	0.2429
44	22000	866.8	878.95	500	915.83	500.0	0.0009	0.7423	-128.5083	0.0038	0.0156	0.1196	0.0069	0.2476
45	22500	908.9	872.39	500	897.93	500.0	0.0009	0.8417	-134.8213	0.0027	0.0289	0.2572	0.0107	0.2518
46	23000	925.6	866.47	500	897.93	500.0	0.0009	1.7680	-139.0520	0.0036	0.0426	0.3894	0.0177	0.2535
47	23500	942.3	917.04	500	897.93	500.0	0.0009	0.6164	-137.5483	0.0039	0.0234	0.1954	0.0089	0.2529
48	24000	959.1	934.62	500	897.93	500.0	0.0008	0.7411	-149.5816	0.0065	0.0352	0.3030	0.0118	0.2462
49	24500	975.8	929.99	500	897.93	500.0	0.0011	3.4466	-151.5992	0.0057	0.1668	1.6164	0.0753	0.2373
50	25000	1017.9	847.97	500	884.55	500.0	0.0009	0.6136	-159.0579	0.0027	0.0164	0.1326	0.0078	0.2443
51	25500	1034.6	887.09	500	884.55	500.0	0.0008	1.0773	-158.7441	0.0022	0.0143	0.1172	0.0072	0.2486
52	26000	1051.3	916.13	500	884.55	500.0	0.0008	0.3310	-164.1643	0.0027	0.0239	0.2093	0.0077	0.2479
53	26500	1068.0	863.15	500	884.55	500.0	0.0008	4.1554	-168.8086	0.0038	0.1353	1.3181	0.0622	0.2525
54	27000	1084.7	872.61	500	884.55	500.0	0.0009	1.2080	-174.1208	0.0032	0.0228	0.1950	0.0112	0.2417
55	27500	1126.8	863.51	500	914.48	500.0	0.0008	1.5137	-181.8674	0.0026	0.0391	0.3625	0.0159	0.2397
56	28000	1143.5	925.73	500	914.48	500.0	0.0007	1.4314	-176.0455	0.0026	0.0296	0.2687	0.0128	0.2504
57	28500	1160.2	877.37	500	914.48	500.0	0.0007	2.8340	-185.1481	0.0031	0.0671	0.6416	0.0327	0.2477
58	29000	1177.0	944.38	500	914.48	500.0	0.0008	2.1818	-181.3875	0.0017	0.0502	0.4786	0.0208	0.2514
59	29500	1193.7	851.81	500	914.48	500.0	0.0008	0.4961	-190.2843	0.0015	0.0270	0.2469	0.0091	0.2470
60	30000	1235.8	943.38	500	898.91	500.0	0.0007	1.0396	-196.5833	0.0030	0.0381	0.3521	0.0142	0.2409
