iter	step	elapsed_s	train_reward	train_length	eval_reward	eval_length	consistency_loss	grad_norm	pi_loss	reward_loss	total_loss	value_loss	weighted_loss	z_std
0	0	0.2	220.24	500	nan	nan	nan	nan	nan	nan	nan	nan	nan	nan
1	500	0.3	0.00	500	nan	nan	nan	nan	nan	nan	nan	nan	nan	nan
2	1000	0.4	0.00	500	nan	nan	nan	nan	nan	nan	nan	nan	nan	nan
3	1500	0.5	0.00	500	nan	nan	nan	nan	nan	nan	nan	nan	nan	nan
4	2000	0.6	0.00	500	nan	nan	nan	nan	nan	nan	nan	nan	nan	nan
5	2500	0.8	0.00	500	nan	nan	nan	nan	nan	nan	nan	nan	nan	nan
6	3000	0.9	0.00	500	nan	nan	nan	nan	nan	nan	nan	nan	nan	nan
7	3500	1.0	0.00	500	nan	nan	nan	nan	nan	nan	nan	nan	nan	nan
8	4000	1.1	0.00	500	nan	nan	nan	nan	nan	nan	nan	nan	nan	nan
9	4500	1.2	0.00	500	nan	nan	nan	nan	nan	nan	nan	nan	nan	nan
10	5000	147.6	0.00	500	106.84	500.0	0.0006	1.4185	-13.8280	0.0064	0.0396	0.3530	0.0170	0.2854
11	5500	164.3	237.24	500	106.84	500.0	0.0017	0.5695	-26.0714	0.0932	0.0670	0.1703	0.0293	0.2681
12	6000	180.9	30.41	500	106.84	500.0	0.0011	0.8864	-30.7400	0.0814	0.0551	0.1219	0.0247	0.2540
13	6500	197.6	0.01	500	106.84	500.0	0.0012	0.2571	-39.2542	0.0756	0.0557	0.1553	0.0247	0.2372
14	7000	214.3	812.79	500	106.84	500.0	0.0010	1.0432	-41.3930	0.0831	0.0522	0.0861	0.0227	0.2430
15	7500	256.4	899.13	500	833.55	500.0	0.0010	1.8952	-55.5188	0.0946	0.0551	0.0585	0.0305	0.2280
16	8000	273.0	931.43	500	833.55	500.0	0.0008	1.4640	-59.0299	0.0579	0.0533	0.2267	0.0299	0.2327
17	8500	289.6	936.00	500	833.55	500.0	0.0012	1.3963	-59.5427	0.0388	0.0381	0.1631	0.0205	0.2425
18	9000	306.3	959.58	500	833.55	500.0	0.0011	1.1027	-74.5710	0.0355	0.0328	0.1281	0.0172	0.2266
19	9500	322.9	771.75	500	833.55	500.0	0.0009	3.8948	-76.5648	0.0617	0.1459	1.1321	0.0674	0.2389
20	10000	364.9	782.57	500	271.34	500.0	0.0008	0.6845	-93.5348	0.0549	0.0386	0.0951	0.0200	0.2130
21	10500	381.6	254.63	500	271.34	500.0	0.0009	2.1043	-94.5682	0.0623	0.0508	0.1796	0.0280	0.2152
22	11000	398.2	923.19	500	271.34	500.0	0.0010	1.3871	-104.7910	0.0649	0.0484	0.1388	0.0227	0.2216
23	11500	414.9	854.75	500	271.34	500.0	0.0010	0.4441	-110.0017	0.0675	0.0448	0.0904	0.0212	0.2247
24	12000	431.6	946.16	500	271.34	500.0	0.0009	2.5762	-117.3822	0.0675	0.0481	0.1259	0.0276	0.2172
25	12500	473.6	860.42	500	886.40	500.0	0.0009	1.9347	-117.4297	0.0476	0.0561	0.3062	0.0246	0.2302
26	13000	490.2	896.32	500	886.40	500.0	0.0013	4.2793	-119.1060	0.0587	0.1056	0.7360	0.0527	0.2340
27	13500	506.9	833.67	500	886.40	500.0	0.0009	0.7892	-131.4330	0.0449	0.0349	0.1074	0.0176	0.2280
28	14000	523.5	980.83	500	886.40	500.0	0.0008	1.5459	-143.3960	0.0511	0.0467	0.1952	0.0237	0.2142
29	14500	540.2	902.86	500	886.40	500.0	0.0009	1.4287	-143.1769	0.0363	0.0365	0.1661	0.0178	0.2327
30	15000	582.3	935.31	500	876.94	500.0	0.0008	1.9192	-151.3952	0.0309	0.0378	0.2067	0.0203	0.2257
31	15500	598.9	907.14	500	876.94	500.0	0.0010	1.1034	-150.9610	0.0297	0.0282	0.1145	0.0145	0.2306
32	16000	615.7	904.80	500	876.94	500.0	0.0012	3.9835	-145.0989	0.0268	0.1025	0.8678	0.0492	0.2531
33	16500	632.4	831.12	500	876.94	500.0	0.0008	0.8445	-164.9710	0.0230	0.0279	0.1475	0.0118	0.2209
34	17000	649.1	852.41	500	876.94	500.0	0.0011	2.0693	-162.6435	0.0221	0.0657	0.5240	0.0267	0.2388
35	17500	691.1	890.80	500	899.42	500.0	0.0008	0.2381	-185.6724	0.0238	0.0183	0.0492	0.0083	0.2028
36	18000	707.8	857.94	500	899.42	500.0	0.0010	0.5938	-180.2036	0.0218	0.0329	0.2003	0.0115	0.2214
37	18500	724.4	919.09	500	899.42	500.0	0.0009	0.7172	-179.9730	0.0204	0.0242	0.1226	0.0104	0.2292
38	19000	741.1	849.92	500	899.42	500.0	0.0008	0.4132	-192.7256	0.0227	0.0188	0.0578	0.0079	0.2134
39	19500	757.8	880.22	500	899.42	500.0	0.0010	1.6250	-187.2600	0.0302	0.0293	0.1210	0.0135	0.2325
40	20000	799.9	843.39	500	912.39	500.0	0.0011	2.7929	-184.8765	0.0173	0.0602	0.4936	0.0269	0.2482
41	20500	816.6	917.74	500	912.39	500.0	0.0008	2.1065	-200.0163	0.0147	0.0384	0.2945	0.0168	0.2198
42	21000	833.3	844.21	500	912.39	500.0	0.0008	0.4063	-206.8790	0.0192	0.0183	0.0703	0.0079	0.2246
43	21500	850.0	895.01	500	912.39	500.0	0.0007	0.4654	-210.1319	0.0172	0.0171	0.0705	0.0082	0.2104
44	22000	866.7	879.88	500	912.39	500.0	0.0008	0.8238	-214.7973	0.0167	0.0318	0.2189	0.0115	0.2118
45	22500	908.8	871.88	500	896.28	500.0	0.0008	3.4608	-218.2145	0.0151	0.0717	0.6261	0.0323	0.2212
46	23000	925.4	866.39	500	896.28	500.0	0.0008	0.7583	-220.6266	0.0183	0.0332	0.2250	0.0118	0.2095
47	23500	942.1	916.39	500	896.28	500.0	0.0008	0.4054	-223.1567	0.0149	0.0315	0.2239	0.0105	0.2134
48	24000	958.8	933.64	500	896.28	500.0	0.0008	1.1011	-227.7314	0.0141	0.0239	0.1523	0.0107	0.2134
49	24500	975.6	929.23	500	896.28	500.0	0.0007	0.9317	-240.1169	0.0184	0.0234	0.1278	0.0095	0.1887
50	25000	1017.7	845.41	500	883.61	500.0	0.0007	0.4600	-233.5629	0.0156	0.0220	0.1279	0.0089	0.2117
51	25500	1034.3	886.45	500	883.61	500.0	0.0007	0.4729	-244.6963	0.0143	0.0415	0.3297	0.0129	0.1921
52	26000	1051.0	915.70	500	883.61	500.0	0.0007	0.5197	-240.2749	0.0154	0.0205	0.1135	0.0085	0.2068
53	26500	1067.7	863.44	500	883.61	500.0	0.0009	7.5332	-234.5922	0.0102	0.7775	7.7051	0.3166	0.2240
54	27000	1084.4	871.25	500	883.61	500.0	0.0007	0.7302	-244.9295	0.0128	0.0248	0.1690	0.0099	0.2098
55	27500	1126.5	864.04	500	911.68	500.0	0.0007	1.2480	-248.5127	0.0099	0.0251	0.1886	0.0115	0.2130
56	28000	1143.2	922.28	500	911.68	500.0	0.0007	1.6889	-254.2302	0.0218	0.0379	0.2558	0.0181	0.1938
57	28500	1159.9	874.21	500	911.68	500.0	0.0007	0.8847	-255.5580	0.0093	0.0284	0.2231	0.0099	0.2011
58	29000	1176.6	935.97	500	911.68	500.0	0.0007	1.5876	-250.9612	0.0130	0.0315	0.2354	0.0146	0.2212
59	29500	1193.3	845.36	500	911.68	500.0	0.0007	1.0086	-259.2076	0.0093	0.0181	0.1205	0.0085	0.2053
60	30000	1235.3	937.00	500	888.74	500.0	0.0009	1.0784	-251.9680	0.0062	0.0219	0.1703	0.0090	0.2267
